[gd_scene load_steps=18 format=3 uid="uid://c5ibgerfcdm3e"]

[ext_resource type="PackedScene" uid="uid://bvgege0rfx382" path="res://Assets/Zombie Medium/Zombie Medium.glb" id="1_8o42x"]

[sub_resource type="StandardMaterial3D" id="StandardMaterial3D_u5286"]

[sub_resource type="CapsuleShape3D" id="CapsuleShape3D_a5qvb"]
radius = 0.328082
height = 1.42008

[sub_resource type="CapsuleShape3D" id="CapsuleShape3D_eu5l3"]
radius = 0.599438
height = 1.19888

[sub_resource type="CapsuleShape3D" id="CapsuleShape3D_fmsiv"]
radius = 0.132777
height = 0.674924

[sub_resource type="CapsuleShape3D" id="CapsuleShape3D_iyuja"]
radius = 0.118863
height = 0.646158

[sub_resource type="CapsuleShape3D" id="CapsuleShape3D_q1t8o"]
radius = 0.133122
height = 0.456474

[sub_resource type="CapsuleShape3D" id="CapsuleShape3D_k32ux"]
radius = 0.112459
height = 0.628417

[sub_resource type="CapsuleShape3D" id="CapsuleShape3D_bhh06"]
radius = 0.125538
height = 0.598831

[sub_resource type="CapsuleShape3D" id="CapsuleShape3D_esr56"]
radius = 0.1461
height = 0.52877

[sub_resource type="CapsuleShape3D" id="CapsuleShape3D_w4ga4"]
radius = 0.167309
height = 0.827799

[sub_resource type="CapsuleShape3D" id="CapsuleShape3D_ava5b"]
radius = 0.13486
height = 0.608811

[sub_resource type="CapsuleShape3D" id="CapsuleShape3D_446pr"]
radius = 0.163963
height = 0.661626

[sub_resource type="CapsuleShape3D" id="CapsuleShape3D_6ll0d"]
radius = 0.167687
height = 0.795003

[sub_resource type="CapsuleShape3D" id="CapsuleShape3D_agf2a"]
radius = 0.155194
height = 0.608811

[sub_resource type="CapsuleShape3D" id="CapsuleShape3D_6gblb"]
radius = 0.185581
height = 0.656899

[sub_resource type="CapsuleShape3D" id="CapsuleShape3D_q3tb7"]
height = 2.7

[node name="Zombie Medium" instance=ExtResource("1_8o42x")]

[node name="Skeleton3D" parent="Root" index="0"]
bones/0/position = Vector3(0.204209, 0.193205, -0.14881)
bones/0/rotation = Quaternion(0.707107, 2.21817e-08, -0.707107, -1.99652e-08)
bones/1/rotation = Quaternion(-0.507497, 0.508213, -0.491922, -0.492117)
bones/2/rotation = Quaternion(0.0157039, -0.00207519, 0.994625, -0.102321)
bones/3/rotation = Quaternion(0.946129, -0.0218711, 0.0755029, -0.314104)
bones/9/position = Vector3(-0.207521, 0.193205, -0.14881)
bones/9/rotation = Quaternion(0.707107, 2.21817e-08, -0.707107, -1.99652e-08)
bones/10/rotation = Quaternion(-0.507678, 0.507894, -0.491736, -0.492445)
bones/12/rotation = Quaternion(0.948112, 0.0114452, -0.0440928, -0.314656)
bones/18/position = Vector3(0.131907, 1.30797, -0.000623418)
bones/18/rotation = Quaternion(-0.145062, -0.150872, 0.977851, 0.00179219)
bones/20/rotation = Quaternion(0.0383636, -0.0344593, -0.011226, 0.998606)
bones/23/rotation = Quaternion(0.211089, -0.0349953, -0.0104734, 0.976784)
bones/24/rotation = Quaternion(-0.508415, 0.0283377, 0.02783, 0.860196)
bones/26/rotation = Quaternion(0.509677, 0.294845, 0.644209, -0.48815)
bones/27/rotation = Quaternion(-0.0327103, 0.647132, -0.318967, 0.691672)
bones/28/rotation = Quaternion(0.657871, 0.00947825, 0.0109167, 0.752992)
bones/29/rotation = Quaternion(-0.125856, 0.864822, 0.263265, 0.408576)
bones/30/rotation = Quaternion(0.0467492, -0.0775035, -0.00548764, 0.99588)
bones/31/rotation = Quaternion(0.0466897, 0.0670701, -0.00597698, 0.996637)
bones/32/rotation = Quaternion(0.0543918, -0.0305762, -0.00123878, 0.998051)
bones/34/rotation = Quaternion(-0.086151, 0.781363, 0.264638, 0.558585)
bones/35/rotation = Quaternion(0.270544, -0.00732264, 0.0341521, 0.962074)
bones/37/rotation = Quaternion(0.705218, -0.558382, 0.411171, 0.147699)
bones/38/rotation = Quaternion(0.380286, 0.852449, 0.33886, -0.117844)
bones/39/rotation = Quaternion(-0.0596718, -0.00334523, 0.710743, 0.700908)
bones/40/rotation = Quaternion(0.0505959, -0.0778055, 0.0105369, 0.995628)
bones/41/rotation = Quaternion(-0.0272557, -0.0775596, -0.00337658, 0.996609)
bones/42/rotation = Quaternion(3.33697e-06, 0.0671401, 6.70087e-07, 0.997744)
bones/43/rotation = Quaternion(-0.0309777, -0.0305195, -0.00089233, 0.999054)
bones/45/rotation = Quaternion(-0.135943, 0.873886, -0.279956, -0.373453)
bones/46/rotation = Quaternion(-0.388401, 0.0187248, 0.216625, 0.895471)
bones/48/rotation = Quaternion(0.795402, 0.329547, 0.0582681, 0.505312)
bones/48/scale = Vector3(1.00005, 0.999998, 0.999999)
bones/49/rotation = Quaternion(0.53848, 0.0690653, 0.212076, 0.812585)
bones/50/rotation = Quaternion(-0.578898, -0.278511, 0.0211867, 0.766068)
bones/50/scale = Vector3(1.00002, 0.999985, 0.999996)
bones/53/rotation = Quaternion(0.830338, -0.293879, -0.0592955, 0.469742)
bones/53/scale = Vector3(1.00001, 1, 1)
bones/54/rotation = Quaternion(0.52574, -0.057207, -0.267187, 0.805566)
bones/55/rotation = Quaternion(-0.624927, 0.271423, -0.0311998, 0.731316)
bones/56/rotation = Quaternion(0.0282612, 0.953941, -0.297574, -0.0254457)

[node name="characterMedium" parent="Root/Skeleton3D" index="0"]
surface_material_override/0 = SubResource("StandardMaterial3D_u5286")

[node name="PhysicalBoneSimulator3D" type="PhysicalBoneSimulator3D" parent="Root/Skeleton3D" index="1"]

[node name="Physical Bone Spine" type="PhysicalBone3D" parent="Root/Skeleton3D/PhysicalBoneSimulator3D" index="0"]
transform = Transform3D(0.937061, -0.346814, 0.0404484, -0.0938908, -0.361857, -0.927493, 0.336304, 0.865321, -0.371645, 0.126547, 1.44106, 0.0528479)
collision_layer = 2
collision_mask = 2
joint_offset = Transform3D(1, 0, 0, 0, 1, 0, 0, 0, 1, -3.8033e-08, 3.39405e-08, 0.143524)
body_offset = Transform3D(1, 2.98023e-08, -5.21541e-08, -3.72529e-08, 1.19209e-07, -1, -2.98023e-08, 1, 1.78814e-07, 4.55184e-08, 0.143524, -5.96046e-08)
bone_name = "Spine"

[node name="CollisionShape3D" type="CollisionShape3D" parent="Root/Skeleton3D/PhysicalBoneSimulator3D/Physical Bone Spine" index="0"]
auto_translate_mode = 1
transform = Transform3D(1, -6.66134e-15, 0, 0, 0, 1, -6.66134e-16, -1, 0, -3.82715e-09, 0.0241455, -0.196669)
shape = SubResource("CapsuleShape3D_a5qvb")

[node name="Physical Bone Head" type="PhysicalBone3D" parent="Root/Skeleton3D/PhysicalBoneSimulator3D" index="1"]
transform = Transform3D(0.935268, -0.330077, -0.127759, -0.0824167, 0.14794, -0.985556, 0.34421, 0.932289, 0.11116, 0.0893676, 2.7545, 0.512601)
collision_layer = 2
collision_mask = 2
joint_offset = Transform3D(1, 0, 0, 0, 1, 0, 0, 0, 1, 1.8075e-07, 2.23189e-07, 0.502205)
body_offset = Transform3D(1, 1.19209e-07, -3.35276e-08, -6.33299e-08, 6.70552e-08, -1, -2.98023e-08, 1, 1.49012e-07, -1.63913e-07, 0.502205, -2.98023e-07)
bone_name = "Head"

[node name="CollisionShape3D" type="CollisionShape3D" parent="Root/Skeleton3D/PhysicalBoneSimulator3D/Physical Bone Head" index="0"]
auto_translate_mode = 1
transform = Transform3D(1, 6.08671e-16, -2.77556e-17, 0, 4.65661e-10, 1, -2.38459e-15, -1, 4.65661e-10, -1.45519e-11, 0.00843671, 0.00384402)
shape = SubResource("CapsuleShape3D_eu5l3")

[node name="Physical Bone LeftArm" type="PhysicalBone3D" parent="Root/Skeleton3D/PhysicalBoneSimulator3D" index="2"]
transform = Transform3D(-0.590243, -0.590416, -0.550475, -0.322019, -0.453105, 0.831264, -0.740214, 0.667911, 0.0773168, 0.516178, 1.77886, 0.436761)
collision_layer = 2
collision_mask = 2
joint_offset = Transform3D(1, 0, 0, 0, 1, 0, 0, 0, 1, 1.86776e-07, 4.88237e-07, 0.235387)
body_offset = Transform3D(1, -2.08616e-07, -7.93487e-07, -6.78003e-07, -3.72529e-08, -1, -1.49012e-07, 1, -4.84288e-08, 0, 0.235387, -4.76837e-07)
bone_name = "LeftArm"

[node name="CollisionShape3D" type="CollisionShape3D" parent="Root/Skeleton3D/PhysicalBoneSimulator3D/Physical Bone LeftArm" index="0"]
auto_translate_mode = 1
transform = Transform3D(1, 0, 0, 0, 0, 1, 0, -1, 0, 0, 0, 0)
shape = SubResource("CapsuleShape3D_fmsiv")

[node name="Physical Bone LeftForeArm" type="PhysicalBone3D" parent="Root/Skeleton3D/PhysicalBoneSimulator3D" index="3"]
transform = Transform3D(-0.574134, -0.641422, 0.508869, -0.345959, 0.753353, 0.55926, -0.74208, 0.145042, -0.654432, 0.511607, 1.43576, 0.591079)
collision_layer = 2
collision_mask = 2
joint_offset = Transform3D(1, 0, 0, 0, 1, 0, 0, 0, 1, 2.33292e-07, -4.05448e-07, 0.263614)
body_offset = Transform3D(1, -9.68575e-08, 9.23872e-07, 7.15256e-07, 5.96046e-08, -1, 7.45058e-09, 1, -4.47035e-08, -4.76837e-07, 0.263614, 4.17233e-07)
bone_name = "LeftForeArm"

[node name="CollisionShape3D" type="CollisionShape3D" parent="Root/Skeleton3D/PhysicalBoneSimulator3D/Physical Bone LeftForeArm" index="0"]
auto_translate_mode = 1
transform = Transform3D(1, 0, 0, 0, 0, 1, 0, -1, 0, 0, 0, 0)
shape = SubResource("CapsuleShape3D_iyuja")

[node name="Physical Bone LeftHand" type="PhysicalBone3D" parent="Root/Skeleton3D/PhysicalBoneSimulator3D" index="4"]
transform = Transform3D(0.861354, -0.313381, 0.399826, -0.361386, -0.931143, 0.0487183, 0.357028, -0.186455, -0.915295, 0.349754, 1.28495, 0.827025)
collision_layer = 2
collision_mask = 2
joint_offset = Transform3D(1, 0, 0, 0, 1, 0, 0, 0, 1, 4.70641e-07, -1.04752e-07, 0.0692993)
body_offset = Transform3D(1, -1.19209e-07, 8.9407e-08, 1.49012e-07, -2.08616e-07, -1, 4.47035e-08, 1, -2.08616e-07, -4.76837e-07, 0.0692993, 1.19209e-07)
bone_name = "LeftHand"

[node name="CollisionShape3D" type="CollisionShape3D" parent="Root/Skeleton3D/PhysicalBoneSimulator3D/Physical Bone LeftHand" index="0"]
auto_translate_mode = 1
transform = Transform3D(0.999599, -0.0279015, 0.00499373, 0.00499397, 0.346781, 0.937933, -0.0279015, -0.937531, 0.346781, -0.00162776, 0.020231, -0.188963)
shape = SubResource("CapsuleShape3D_q1t8o")

[node name="Physical Bone RightArm" type="PhysicalBone3D" parent="Root/Skeleton3D/PhysicalBoneSimulator3D" index="5"]
transform = Transform3D(-0.00985685, -0.987933, 0.154568, 0.439153, 0.134594, 0.888273, -0.898358, 0.0766347, 0.432527, -0.249757, 1.84676, 0.107778)
collision_layer = 2
collision_mask = 2
joint_offset = Transform3D(1, 0, 0, 0, 1, 0, 0, 0, 1, -6.31358e-08, 2.78472e-08, 0.235388)
body_offset = Transform3D(1, 5.96046e-08, 2.68221e-07, 5.96046e-08, 2.09361e-06, -1, 7.45058e-08, 1, 2.16067e-06, 0, 0.235388, -5.36442e-07)
bone_name = "RightArm"

[node name="CollisionShape3D" type="CollisionShape3D" parent="Root/Skeleton3D/PhysicalBoneSimulator3D/Physical Bone RightArm" index="0"]
auto_translate_mode = 1
transform = Transform3D(1, 0, 0, 0, 0, 1, 0, -1, 0, 0, 0, 0)
shape = SubResource("CapsuleShape3D_k32ux")

[node name="Physical Bone RightForeArm" type="PhysicalBone3D" parent="Root/Skeleton3D/PhysicalBoneSimulator3D" index="6"]
transform = Transform3D(-0.0747968, -0.992188, -0.0998425, -0.900692, 0.0242485, 0.433781, -0.427972, 0.122373, -0.895469, -0.259821, 1.52332, 0.242025)
collision_layer = 2
collision_mask = 2
joint_offset = Transform3D(1, 0, 0, 0, 1, 0, 0, 0, 1, -3.66849e-07, 6.47493e-08, 0.263614)
body_offset = Transform3D(1, -7.82311e-08, -4.17233e-07, -8.9407e-08, -6.17653e-06, -1, 3.72529e-08, 1, -6.12438e-06, 4.76837e-07, 0.263614, 1.54972e-06)
bone_name = "RightForeArm"

[node name="CollisionShape3D" type="CollisionShape3D" parent="Root/Skeleton3D/PhysicalBoneSimulator3D/Physical Bone RightForeArm" index="0"]
auto_translate_mode = 1
transform = Transform3D(1, 0, 0, 0, 3.25963e-09, 1, 0, -1, 3.25963e-09, 0.00283454, 0.00394893, -0.0466398)
shape = SubResource("CapsuleShape3D_bhh06")

[node name="Physical Bone RightHand" type="PhysicalBone3D" parent="Root/Skeleton3D/PhysicalBoneSimulator3D" index="7"]
transform = Transform3D(-0.227344, -0.97381, -0.00314034, -0.891491, 0.206826, 0.403072, -0.391866, 0.0944355, -0.915163, -0.233283, 1.38104, 0.541504)
collision_layer = 2
collision_mask = 2
joint_offset = Transform3D(1, 0, 0, 0, 1, 0, 0, 0, 1, -2.06544e-09, 6.10669e-07, 0.0692997)
body_offset = Transform3D(1, 2.45869e-07, 2.98023e-08, 3.27826e-07, 2.20537e-06, -1, -3.01749e-07, 1, 2.36928e-06, 0, 0.0692997, -7.7486e-07)
bone_name = "RightHand"

[node name="CollisionShape3D" type="CollisionShape3D" parent="Root/Skeleton3D/PhysicalBoneSimulator3D/Physical Bone RightHand" index="0"]
auto_translate_mode = 1
transform = Transform3D(0.999809, 0.019402, 0.00237469, 0.00237448, -0.241143, 0.970487, 0.0194021, -0.970296, -0.241143, 0.000112653, -0.00139928, -0.16246)
shape = SubResource("CapsuleShape3D_esr56")

[node name="Physical Bone LeftUpLeg" type="PhysicalBone3D" parent="Root/Skeleton3D/PhysicalBoneSimulator3D" index="8"]
transform = Transform3D(0.789882, 0.573791, -0.216449, 0.588423, -0.609692, 0.531069, 0.172755, -0.546846, -0.819216, 0.392237, 0.90668, 0.193862)
collision_layer = 2
collision_mask = 2
joint_offset = Transform3D(1, 0, 0, 0, 1, 0, 0, 0, 1, 1.34429e-08, -2.43139e-07, 0.263087)
body_offset = Transform3D(0.999949, 1.93715e-07, 1.53482e-06, 1.51992e-06, -2.08616e-07, -1, -2.75671e-07, 1, -2.08616e-07, -4.17233e-07, 0.263087, 2.98023e-07)
bone_name = "LeftUpLeg"

[node name="CollisionShape3D" type="CollisionShape3D" parent="Root/Skeleton3D/PhysicalBoneSimulator3D/Physical Bone LeftUpLeg" index="0"]
auto_translate_mode = 1
transform = Transform3D(0.999613, -0.0240565, 0.0139469, -0.0115985, 0.0951388, 0.995396, -0.0252727, -0.995173, 0.094823, 0.000962734, 0.0243126, -0.000925779)
shape = SubResource("CapsuleShape3D_w4ga4")

[node name="Physical Bone LeftLeg" type="PhysicalBone3D" parent="Root/Skeleton3D/PhysicalBoneSimulator3D" index="9"]
transform = Transform3D(0.868647, 0.321533, -0.37692, 0.236536, 0.39933, 0.885769, 0.435319, -0.858576, 0.270823, 0.563911, 0.497326, 0.326946)
collision_layer = 2
collision_mask = 2
joint_offset = Transform3D(1, 0, 0, 0, 1, 0, 0, 0, 1, 7.90529e-06, 2.91926e-06, 0.304407)
body_offset = Transform3D(0.999959, -3.26931e-05, -1.87233e-05, 6.84708e-06, -1.49012e-07, -0.999997, -2.98023e-08, 0.999996, -9.49204e-06, -2.20537e-06, 0.304406, -2.98023e-08)
bone_name = "LeftLeg"

[node name="CollisionShape3D" type="CollisionShape3D" parent="Root/Skeleton3D/PhysicalBoneSimulator3D/Physical Bone LeftLeg" index="0"]
auto_translate_mode = 1
transform = Transform3D(0.999972, 0.000525362, -0.00742737, 0.00741736, -0.157587, 0.987477, -0.000651671, -0.987505, -0.157587, -0.000672787, 0.0541157, -0.0147457)
shape = SubResource("CapsuleShape3D_ava5b")

[node name="Physical Bone LeftFoot" type="PhysicalBone3D" parent="Root/Skeleton3D/PhysicalBoneSimulator3D" index="10"]
transform = Transform3D(0.996201, -0.00594419, -0.0868768, 0.0458734, -0.812186, 0.581593, -0.0740172, -0.583369, -0.808828, 0.691724, 0.140087, 0.366335)
collision_layer = 2
collision_mask = 2
joint_offset = Transform3D(1, 0, 0, 0, 1, 0, 0, 0, 1, 1.87555e-06, -4.75444e-07, 0.150625)
body_offset = Transform3D(0.999948, 4.88944e-05, -2.0761e-05, -9.29832e-06, 1.3411e-06, -1.00002, 7.45058e-09, 0.999988, 9.68575e-06, 1.2517e-06, 0.150627, -9.83477e-07)
bone_name = "LeftFoot"

[node name="CollisionShape3D" type="CollisionShape3D" parent="Root/Skeleton3D/PhysicalBoneSimulator3D/Physical Bone LeftFoot" index="0"]
auto_translate_mode = 1
transform = Transform3D(0.994713, -0.0334176, -0.0971034, 0.0567295, -0.609382, 0.790844, -0.0856011, -0.792172, -0.604265, 0.015179, -0.0188944, -0.0282946)
shape = SubResource("CapsuleShape3D_446pr")

[node name="Physical Bone RightUpLeg" type="PhysicalBone3D" parent="Root/Skeleton3D/PhysicalBoneSimulator3D" index="11"]
transform = Transform3D(0.755633, -0.173975, 0.631468, -0.61231, -0.529963, 0.586699, 0.232584, -0.829983, -0.506984, -0.216957, 0.912231, -0.00213438)
collision_layer = 2
collision_mask = 2
joint_offset = Transform3D(1, 0, 0, 0, 1, 0, 0, 0, 1, 4.09475e-07, -5.44283e-07, 0.263088)
body_offset = Transform3D(0.99999, -8.9407e-08, 1.16229e-06, 1.62423e-06, -5.96046e-08, -0.999999, 8.9407e-08, 0.999999, 2.98023e-08, -7.15256e-07, 0.263088, 5.36442e-07)
bone_name = "RightUpLeg"

[node name="CollisionShape3D" type="CollisionShape3D" parent="Root/Skeleton3D/PhysicalBoneSimulator3D/Physical Bone RightUpLeg" index="0"]
auto_translate_mode = 1
transform = Transform3D(0.998911, 0.0466151, -0.00172123, 0.00183036, -0.00229929, 0.999995, 0.0466108, -0.99891, -0.00238212, -0.00104955, -5.14239e-05, -0.00273377)
shape = SubResource("CapsuleShape3D_6ll0d")

[node name="Physical Bone RightLeg" type="PhysicalBone3D" parent="Root/Skeleton3D/PhysicalBoneSimulator3D" index="12"]
transform = Transform3D(0.985455, 0.156978, 0.0650885, -0.13299, 0.473951, 0.870451, 0.105793, -0.866446, 0.487933, -0.402899, 0.492907, -0.0172829)
collision_layer = 2
collision_mask = 2
joint_offset = Transform3D(1, 0, 0, 0, 1, 0, 0, 0, 1, -1.62988e-06, 5.98098e-07, 0.304407)
body_offset = Transform3D(0.999993, 5.34207e-06, 7.7039e-06, 2.41771e-06, 2.38419e-07, -0.999998, 1.49012e-08, 0.999998, -1.81794e-06, -7.15256e-07, 0.304406, -4.47035e-08)
bone_name = "RightLeg"

[node name="CollisionShape3D" type="CollisionShape3D" parent="Root/Skeleton3D/PhysicalBoneSimulator3D/Physical Bone RightLeg" index="0"]
auto_translate_mode = 1
transform = Transform3D(0.999833, 0.0182463, 0.000747225, 0.000843368, -0.0870105, 0.996206, 0.0182422, -0.99604, -0.0870112, 0.000789821, 0.0596104, -0.0162429)
shape = SubResource("CapsuleShape3D_agf2a")

[node name="Physical Bone RightFoot" type="PhysicalBone3D" parent="Root/Skeleton3D/PhysicalBoneSimulator3D" index="13"]
transform = Transform3D(0.807193, 0.382495, 0.449597, 0.0522056, -0.804932, 0.591066, 0.587975, -0.453633, -0.669703, -0.490432, 0.138906, -0.0649366)
collision_layer = 2
collision_mask = 2
joint_offset = Transform3D(1, 0, 0, 0, 1, 0, 0, 0, 1, -2.59993e-07, -1.79562e-07, 0.150627)
body_offset = Transform3D(0.999995, -8.13603e-06, 1.13249e-06, -8.9407e-07, -6.25849e-07, -0.999999, -2.98023e-08, 0.999995, 1.19209e-06, 8.9407e-08, 0.150627, 0)
bone_name = "RightFoot"

[node name="CollisionShape3D" type="CollisionShape3D" parent="Root/Skeleton3D/PhysicalBoneSimulator3D/Physical Bone RightFoot" index="0"]
auto_translate_mode = 1
transform = Transform3D(0.994695, -0.011112, 0.102262, -0.0908108, -0.561814, 0.822264, 0.0483151, -0.827189, -0.559843, 0.00478259, -0.0185834, -0.0242037)
shape = SubResource("CapsuleShape3D_6gblb")

[node name="CollisionShape3D" type="CollisionShape3D" parent="Root" index="1"]
transform = Transform3D(1, 0, 0, 0, 1, 0, 0, 0, 1, 0, 1.31081, 0)
shape = SubResource("CapsuleShape3D_q3tb7")

[node name="NavigationAgent3D" type="NavigationAgent3D" parent="." index="2"]
